route_id,service_id,trip_id,trip_headsign,trip_short_name,direction_id,block_id,shape_id,wheelchair_accessible,bikes_allowed
5641,59215.157780,842644,Route 20,20101,,33424,59215,1,1
5641,59215.157780,842645,Route 20,20101,,33424,59215,1,1
5641,59215.157780,842646,Route 20,20101,,33424,59215,1,1
5641,59215.157780,842647,Route 20,20101,,33424,59215,1,1
5641,59215.157780,842648,Route 20,20101,,33424,59215,1,1
5641,59215.157780,842649,Route 20,20101,,33424,59215,1,1
5641,59215.157780,842650,Route 20,20101,,33424,59215,1,1
5641,59215.157780,842651,Route 20,20101,,33424,59215,1,1
5641,59215.157780,842652,Route 20,20101,,33424,59215,1,1
5641,59215.157780,842653,Route 20,20101,,33424,59215,1,1
5641,59215.157780,842654,Route 20,20101,,33424,59215,1,1
5641,59215.157780,842655,Route 20,20101,,33424,59215,1,1
5641,59215.157780,842656,Route 20,20101,,33424,59215,1,1
5641,59215.157780,842657,Route 20,20101,,33424,59215,1,1
5641,59215.157780,842658,Route 20,20101,,33424,59215,1,1
5641,59215.157780,842659,Route 20,20101,,33424,59215,1,1
5641,59215.157780,842660,Route 20,20101,,33424,59215,1,1
5641,59215.157780,842661,Route 20,20101,,33424,59215,1,1
5641,59215.157780,842662,Route 20,20101,,33424,59215,1,1
5641,59215.157780,842663,Route 20,20101,,33424,59215,1,1
5641,59215.157780,842664,Route 20,20101,,33424,59215,1,1
5641,59215.157780,842665,Route 20,20101,,33424,59215,1,1
5641,59215.157780,842666,Route 20,20101,,33424,59215,1,1
5641,59215.157780,842667,Route 20,20101,,33424,59215,1,1
5641,59215.157780,842668,Route 20,20101,,33424,59215,1,1
5641,59215.157780,842669,Route 20,20101,,33424,59215,1,1
5641,59215.157780,842670,Route 20,20101,,33424,59215,1,1
5641,59215.157780,842671,Route 20,20101,,33424,59215,1,1
5641,59215.157780,842672,Route 20,20101,,33424,59215,1,1
5641,59215.157780,842673,Route 20,20101,,33424,59215,1,1
5641,59215.157780,842674,Route 20,20101,,33424,59215,1,1
5641,59215.157780,842675,Route 20,20101,,33424,59215,1,1
5641,59215.157780,842676,Route 20,20101,,33424,59215,1,1
5641,59215.157780,842677,Route 20,,,33424,59215,0,0
5641,59215.157780,842712,Route 20,20102,,33265,59215,1,1
5641,59215.157780,842713,Route 20,20102,,33265,59215,1,1
5641,59215.157780,842714,Route 20,20102,,33265,59215,1,1
5641,59215.157780,842715,Route 20,20102,,33265,59215,1,1
5641,59215.157780,842716,Route 20,20102,,33265,59215,1,1
5641,59215.157780,842717,Route 20,20102,,33265,59215,1,1
5641,59215.157780,842718,Route 20,20102,,33265,59215,1,1
5641,59215.157780,842719,Route 20,20102,,33265,59215,1,1
5641,59215.157780,842720,Route 20,20102,,33265,59215,1,1
5641,59215.157780,842721,Route 20,20102,,33265,59215,1,1
5641,59215.157780,842722,Route 20,20102,,33265,59215,1,1
5641,59215.157780,842723,Route 20,20102,,33265,59215,1,1
5641,59215.157780,842724,Route 20,20102,,33265,59215,1,1
5641,59215.157780,842725,Route 20,20102,,33265,59215,1,1
5641,59215.157780,842726,Route 20,20102,,33265,59215,1,1
5641,59215.157780,842727,Route 20,20102,,33265,59215,1,1
5641,59215.157780,842728,Route 20,20102,,33265,59215,1,1
5641,59215.157780,842729,Route 20,20102,,33265,59215,1,1
5641,59215.157780,842730,Route 20,20102,,33265,59215,1,1
5641,59215.157780,842731,Route 20,20102,,33265,59215,1,1
5641,59215.157780,842732,Route 20,20102,,33265,59215,1,1
5641,59215.157780,842733,Route 20,20102,,33265,59215,1,1
5641,59215.157780,842734,Route 20,20102,,33265,59215,1,1
5641,59215.157780,842735,Route 20,20102,,33265,59215,1,1
5641,59215.157780,842736,Route 20,,,33265,59215,0,0
5644,59215.157780,843016,Route 30,30101,1,33267,59216,1,1
5644,59215.157780,843017,Route 30,30101,,33267,59216,1,1
5644,59215.157780,843018,Route 30,30101,,33267,59216,1,1
5644,59215.157780,843019,Route 30,30101,,33267,59216,1,1
5644,59215.157780,843020,Route 30,30101,,33267,59216,1,1
5644,59215.157780,843021,Route 30,30101,,33267,59216,1,1
5644,59215.157780,843022,Route 30,30101,,33267,59216,1,1
5644,59215.157780,843023,Route 30,30101,,33267,59216,1,1
5644,59215.157780,843024,Route 30,30101,,33267,59216,1,1
5644,59215.157780,843025,Route 30,30101,,33267,59216,1,1
5644,59215.157780,843026,Route 30,30101,,33267,59216,1,1
5644,59215.157780,843027,Route 30,30101,,33267,59216,1,1
5644,59215.157780,843028,Route 30,30101,,33267,59216,1,1
5644,59215.157780,843029,Route 30,30101,,33267,59216,1,1
5644,59215.157780,843030,Route 30,30101,,33267,59216,1,1
5644,59215.157780,843031,Route 30,30101,,33267,59216,1,1
5644,59215.157780,843032,Route 30,30101,,33267,59216,1,1
5644,59215.157780,843033,Route 30,30101,,33267,59216,1,1
5644,59215.157780,843034,Route 30,30101,,33267,59216,1,1
5644,59215.157780,843035,Route 30,30101,,33267,59216,1,1
5644,59215.157780,843036,Route 30,30101,,33267,59216,1,1
5644,59215.157780,843037,Route 30,30101,,33267,59216,1,1
5644,59215.157780,843038,Route 30,30101,,33267,59216,1,1
5644,59215.157780,843039,Route 30,30101,,33267,59216,1,1
5644,59215.157780,843040,Route 30,30101,,33267,59216,1,1
5644,59215.157780,843041,Route 30,30101,,33267,59216,1,1
5644,59215.157780,843042,Route 30,30101,,33267,59216,1,1
5644,59215.157780,843043,Route 30,30101,,33267,59216,1,1
5644,59215.157780,843044,Route 30,30101,,33267,59216,1,1
5644,59215.157780,843045,Route 30,30101,,33267,59216,1,1
5644,59215.157780,843046,Route 30,,,33267,59216,0,0
5644,59215.157780,843047,Route 30,,,33267,59216,0,0
5644,59215.157780,843133,Route 30,,,33269,59216,0,0
5644,59215.157780,843134,Route 30,,,33269,59216,0,0
5644,59215.157780,843135,Route 30,,,33269,59216,0,0
5644,59215.157780,843136,Route 30,,,33269,59216,0,0
5644,59215.157780,843137,Route 30,,,33269,59216,0,0
5644,59215.157780,843138,Route 30,,,33269,59216,0,0
5644,59215.157780,843139,Route 30,,,33269,59216,0,0
5644,59215.157780,843140,Route 30,,,33269,59216,0,0
5644,59215.157780,843141,Route 30,,,33269,59216,0,0
5644,59215.157780,843142,Route 30,,,33269,59216,0,0
5644,59215.157780,843143,Route 30,,,33269,59216,0,0
5644,59215.157780,843144,Route 30,,,33269,59216,0,0
5644,59215.157780,843145,Route 30,,,33269,59216,0,0
5644,59215.157780,843146,Route 30,,,33269,59216,0,0
5644,59215.157780,843147,Route 30,,,33269,59216,0,0
5644,59215.157780,843148,Route 30,,,33269,59216,0,0
5644,59215.157780,843149,Route 30,,,33269,59216,0,0
5644,59215.157780,843150,Route 30,,,33269,59216,0,0
5644,59215.157780,843151,Route 30,,,33269,59216,0,0
5644,59215.157780,843152,Route 30,,,33269,59216,0,0
5644,59215.157780,843153,Route 30,,,33269,59216,0,0
5644,59215.157780,843154,Route 30,,,33269,59216,0,0
5644,59215.157780,843155,Route 30,,,33269,59216,0,0
5644,59215.157780,843159,Route 30,,,33270,59216,0,0
5644,59215.157780,843160,Route 30,,,33270,59216,0,0
5644,59215.157780,843161,Route 30,,,33270,59216,0,0
5644,59215.157780,843162,Route 30,,,33270,59216,0,0
5644,59215.157780,843163,Route 30,,,33270,59216,0,0
5644,59215.157780,843164,Route 30,,,33270,59216,0,0
5644,59215.157780,843165,Route 30,,,33270,59216,0,0
5644,59215.157780,843166,Route 30,,,33270,59216,0,0
5644,59215.157780,843167,Route 30,,,33270,59216,0,0
5644,59215.157780,843168,Route 30,,,33270,59216,0,0
5644,59215.157780,843169,Route 30,,,33270,59216,0,0
5644,59215.157780,843170,Route 30,,,33270,59216,0,0
5644,59215.157780,843171,Route 30,,,33270,59216,0,0
5644,59215.157780,843172,Route 30,,,33270,59216,0,0
5644,59215.157780,843173,Route 30,,,33270,59216,0,0
5644,59215.157780,843174,Route 30,,,33270,59216,0,0
5644,59215.157780,843175,Route 30,,,33270,59216,0,0
5644,59215.157780,843176,Route 30,,,33270,59216,0,0
5644,59215.157780,843177,Route 30,,,33270,59216,0,0
5644,59215.157780,843178,Route 30,,,33270,59216,0,0
5644,59215.157780,843179,Route 30,,,33270,59216,0,0
5644,59215.157780,843180,Route 30,,,33270,59216,0,0
5644,59216.157804,843184,Route 30,30201,,33271,59216,1,1
5644,59216.157804,843185,Route 30,30201,,33271,59216,1,1
5644,59216.157804,843186,Route 30,30201,,33271,59216,1,1
5644,59216.157804,843187,Route 30,30201,,33271,59216,1,1
5644,59216.157804,843188,Route 30,30201,,33271,59216,1,1
5644,59216.157804,843189,Route 30,30201,,33271,59216,1,1
5644,59216.157804,843190,Route 30,30201,,33271,59216,1,1
5644,59216.157804,843191,Route 30,30201,,33271,59216,1,1
5644,59216.157804,843192,Route 30,30201,,33271,59216,1,1
5644,59216.157804,843193,Route 30,30201,,33271,59216,1,1
5644,59216.157804,843194,Route 30,30201,,33271,59216,1,1
5644,59216.157804,843195,Route 30,30201,,33271,59216,1,1
5644,59216.157804,843196,Route 30,30201,,33271,59216,1,1
5644,59216.157804,843197,Route 30,30201,,33271,59216,1,1
5644,59216.157804,843198,Route 30,30201,,33271,59216,1,1
5644,59216.157804,843199,Route 30,30201,,33271,59216,1,1
5644,59216.157804,843200,Route 30,30201,,33271,59216,1,1
5644,59216.157804,843201,Route 30,30201,,33271,59216,1,1
5644,59216.157804,843202,Route 30,30201,,33271,59216,1,1
5644,59216.157804,843203,Route 30,30201,,33271,59216,1,1
5644,59216.157804,843204,Route 30,30201,,33271,59216,1,1
5644,59216.157804,843205,Route 30,30201,,33271,59216,1,1
5644,59216.157804,843206,Route 30,30201,,33271,59216,1,1
5644,59216.157804,843207,Route 30,30201,,33271,59216,1,1
5644,59216.157804,843208,Route 30,30201,,33271,59216,1,1
5644,59216.157804,843209,Route 30,30201,,33271,59216,1,1
5644,59216.157804,843210,Route 30,30201,,33271,59216,1,1
5644,59216.157804,843211,Route 30,,,33271,59216,0,0
5644,59216.157804,843212,Route 30,,,33271,59216,0,0
5644,59215.157783,843217,Route 30,,,33272,59216,0,0
5644,59215.157783,843218,Route 30,,,33272,59216,0,0
5644,59215.157783,843219,Route 30,,,33272,59216,0,0
5644,59215.157783,843220,Route 30,,,33272,59216,0,0
5644,59215.157783,843221,Route 30,,,33272,59216,0,0
5644,59215.157783,843222,Route 30,,,33272,59216,0,0
5644,59215.157783,843223,Route 30,,,33272,59216,0,0
5644,59215.157783,843224,Route 30,,,33272,59216,0,0
5644,59215.157783,843225,Route 30,,,33272,59216,0,0
5644,59215.157783,843226,Route 30,,,33272,59216,0,0
5644,59215.157783,843227,Route 30,,,33272,59216,0,0
5644,59215.157783,843228,Route 30,,,33272,59216,0,0
5644,59215.157783,843229,Route 30,,,33272,59216,0,0
5644,59215.157783,843230,Route 30,,,33272,59216,0,0
5644,59215.157783,843231,Route 30,,,33272,59216,0,0
5644,59215.157783,843232,Route 30,,,33272,59216,0,0
5644,59215.157783,843233,Route 30,,,33272,59216,0,0
5644,59215.157783,843234,Route 30,,,33272,59216,0,0
5644,59215.157783,843235,Route 30,,,33272,59216,0,0
5644,59215.157783,843236,Route 30,,,33272,59216,0,0
5644,59215.157783,843237,Route 30,,,33272,59216,0,0
5644,59215.157780,858609,Route 30,30101,1,33801,59216,1,1
5644,59215.157780,858610,Route 30,30101,,33801,59216,1,1
5644,59215.157780,858611,Route 30,30101,,33801,59216,1,1
5644,59215.157780,858612,Route 30,30101,,33801,59216,1,1
5644,59215.157780,858613,Route 30,30101,,33801,59216,1,1
5644,59215.157780,858614,Route 30,30101,,33801,59216,1,1
5644,59215.157780,858615,Route 30,30101,,33801,59216,1,1
5644,59215.157780,858616,Route 30,30101,,33801,59216,1,1
5644,59215.157780,858617,Route 30,30101,,33801,59216,1,1
5644,59215.157780,858618,Route 30,30101,,33801,59216,1,1
5644,59215.157780,858619,Route 30,30101,,33801,59216,1,1
5644,59215.157780,858620,Route 30,30101,,33801,59216,1,1
5644,59215.157780,858621,Route 30,30101,,33801,59216,1,1
5644,59215.157780,858622,Route 30,30101,,33801,59216,1,1
5638,59215.157780,843322,Route 40,40101,0,33273,47780,1,1
5638,59215.157780,843323,Route 40,40101,0,33273,47780,1,1
5638,59215.157780,843324,Route 40,40101,0,33273,47780,1,1
5638,59215.157780,843325,Route 40,40101,0,33273,47780,1,1
5638,59215.157780,843326,Route 40,40101,0,33273,47780,1,1
5638,59215.157780,843327,Route 40,40101,0,33273,47780,1,1
5638,59215.157780,843328,Route 40,40101,0,33273,47780,1,1
5638,59215.157780,843329,Route 40,40101,0,33273,47780,1,1
5638,59215.157780,843330,Route 40,40101,0,33273,47780,1,1
5638,59215.157780,843331,Route 40,40101,0,33273,47780,1,1
5638,59215.157780,843332,Route 40,40101,0,33273,47780,1,1
5638,59215.157780,843333,Route 40,40101,0,33273,47780,1,1
5638,59215.157780,843334,Route 40,40101,0,33273,47780,1,1
5638,59215.157780,843335,Route 40,40101,0,33273,47780,1,1
5638,59215.157780,843336,Route 40,40101,0,33273,47780,1,1
5638,59215.157780,843337,Route 40,40101,0,33273,47780,1,1
5638,59215.157780,843338,Route 40,40101,0,33273,47780,1,1
5638,59215.157780,843339,Route 40,40101,0,33273,47780,1,1
5638,59215.157780,843340,Route 40,40101,0,33273,47780,1,1
5638,59215.157780,843341,Route 40,40101,0,33273,47780,1,1
5638,59215.157780,843342,Route 40,40101,0,33273,47780,1,1
5638,59215.157780,843343,Route 40,40101,0,33273,47780,1,1
5638,59215.157780,843344,Route 40,40101,0,33273,47780,1,1
5638,59215.157780,843345,Route 40,40101,0,33273,47780,1,1
5638,59215.157780,843346,Route 40,40101,0,33273,47780,1,1
5638,59215.157780,843347,Route 40,40101,0,33273,47780,1,1
5638,59215.157780,843348,Route 40,40101,0,33273,47780,1,1
5638,59215.157780,843349,Route 40,40101,0,33273,47780,1,1
5638,59215.157780,843350,Route 40,40101,0,33273,47780,1,1
5638,59215.157780,843351,Route 40,40101,0,33273,47780,1,1
5638,59215.157780,843352,Route 40,40101,0,33273,47780,1,1
5638,59215.157780,843353,Route 40,40101,0,33273,47780,1,1
5638,59215.157780,843354,Route 40,40101,0,33273,47780,1,1
5638,59215.157780,843355,Route 40,40101,0,33273,47780,1,1
5638,59215.157780,843356,Route 40,40101,0,33273,47780,1,1
5638,59215.157780,843357,Route 40,40101,0,33273,47780,1,1
5638,59215.157780,843358,Route 40,40101,0,33273,47780,1,1
5638,59215.157780,843359,Route 40,40101,0,33273,47780,1,1
5638,59215.157780,843360,Route 40,40101,0,33273,47780,1,1
5638,59215.157780,843361,Route 40,40101,0,33273,47780,1,1
5638,59215.157780,843362,Route 40,40101,0,33273,47780,1,1
5638,59215.157780,843363,Route 40,40101,0,33273,47780,1,1
5638,59215.157780,843364,Route 40,40101,0,33273,47780,1,1
5638,59215.157780,843365,Route 40,40101,0,33273,47780,1,1
5638,59215.157780,843366,Route 40,40101,0,33273,47780,1,1
5638,59215.157780,843367,Route 40,40101,0,33273,47780,1,1
5638,59215.157780,843368,Route 40,40101,0,33273,47780,1,1
5638,59215.157780,843369,Route 40,40101,0,33273,47780,1,1
5638,59215.157780,843370,Route 40,40101,0,33273,47780,1,1
5638,59215.157780,843371,Route 40,40101,0,33273,47780,1,1
5638,59215.157780,843372,Route 40,40102,0,33274,47780,1,1
5638,59215.157780,843373,Route 40,40102,0,33274,47780,1,1
5638,59215.157780,843374,Route 40,40102,0,33274,47780,1,1
5638,59215.157780,843375,Route 40,40102,0,33274,47780,1,1
5638,59215.157780,843376,Route 40,40102,0,33274,47780,1,1
5638,59215.157780,843377,Route 40,40102,0,33274,47780,1,1
5638,59215.157780,843378,Route 40,40102,0,33274,47780,1,1
5638,59215.157780,843379,Route 40,40102,0,33274,47780,1,1
5638,59215.157780,843380,Route 40,40102,0,33274,47780,1,1
5638,59215.157780,843381,Route 40,40102,0,33274,47780,1,1
5638,59215.157780,843382,Route 40,40102,0,33274,47780,1,1
5638,59215.157780,843383,Route 40,40102,0,33274,47780,1,1
5638,59215.157780,843384,Route 40,40102,0,33274,47780,1,1
5638,59215.157780,843385,Route 40,40102,0,33274,47780,1,1
5638,59215.157780,843386,Route 40,40102,0,33274,47780,1,1
5638,59215.157780,843387,Route 40,40102,0,33274,47780,1,1
5638,59215.157780,843388,Route 40,40102,0,33274,47780,1,1
5638,59215.157780,843389,Route 40,40102,0,33274,47780,1,1
5638,59215.157780,843390,Route 40,40102,0,33274,47780,1,1
5638,59215.157780,843391,Route 40,40102,0,33274,47780,1,1
5638,59215.157780,843392,Route 40,40102,0,33274,47780,1,1
5638,59215.157780,843393,Route 40,40102,0,33274,47780,1,1
5638,59215.157780,843394,Route 40,40102,0,33274,47780,1,1
5638,59215.157780,843395,Route 40,40102,0,33274,47780,1,1
5638,59215.157780,843396,Route 40,40102,0,33274,47780,1,1
5638,59215.157780,843397,Route 40,40102,0,33274,47780,1,1
5638,59215.157780,843398,Route 40,40102,0,33274,47780,1,1
5638,59215.157780,843399,Route 40,40102,0,33274,47780,1,1
5638,59215.157780,843400,Route 40,40102,0,33274,47780,1,1
5638,59215.157780,843401,Route 40,40102,0,33274,47780,1,1
5638,59215.157780,843402,Route 40,40102,0,33274,47780,1,1
5638,59215.157780,843403,Route 40,40102,0,33274,47780,1,1
5638,59215.157780,843404,Route 40,40102,0,33274,47780,1,1
5638,59215.157780,843405,Route 40,40102,0,33274,47780,1,1
5638,59215.157780,843406,Route 40,40102,0,33274,47780,1,1
5638,59215.157780,843407,Route 40,40102,0,33274,47780,1,1
5638,59215.157780,843408,Route 40,40102,0,33274,47780,1,1
5638,59215.157780,843409,Route 40,40102,0,33274,47780,1,1
5638,59215.157780,843410,Route 40,40102,0,33274,47780,1,1
5638,59215.157780,843411,Route 40,40102,0,33274,47780,1,1
5638,59215.157780,843412,Route 40,40102,0,33274,47780,1,1
5638,59215.157780,843413,Route 40,40103,0,33275,47780,1,1
5638,59215.157780,843414,Route 40,40103,0,33275,47780,1,1
5638,59215.157780,843415,Route 40,40103,0,33275,47780,1,1
5638,59215.157780,843416,Route 40,40103,0,33275,47780,1,1
5638,59215.157780,843417,Route 40,40103,0,33275,47780,1,1
5638,59215.157780,843418,Route 40,40103,0,33275,47780,1,1
5638,59215.157780,843419,Route 40,40103,0,33275,47780,1,1
5638,59215.157780,843420,Route 40,40103,0,33275,47780,1,1
5638,59215.157780,843421,Route 40,40103,0,33275,47780,1,1
5638,59215.157780,843422,Route 40,40103,0,33275,47780,1,1
5638,59215.157780,843423,Route 40,40103,0,33275,47780,1,1
5638,59215.157780,843424,Route 40,40103,0,33275,47780,1,1
5638,59215.157780,843425,Route 40,40103,0,33275,47780,1,1
5638,59215.157780,843426,Route 40,40103,0,33275,47780,1,1
5638,59215.157780,843427,Route 40,40103,0,33275,47780,1,1
5638,59215.157780,843428,Route 40,40103,0,33275,47780,1,1
5638,59215.157780,843429,Route 40,40103,0,33275,47780,1,1
5638,59215.157780,843430,Route 40,40103,0,33275,47780,1,1
5638,59215.157780,843431,Route 40,40103,0,33275,47780,1,1
5638,59215.157780,843432,Route 40,40103,0,33275,47780,1,1
5638,59215.157780,843433,Route 40,40103,0,33275,47780,1,1
5638,59215.157780,843434,Route 40,40103,0,33275,47780,1,1
5638,59215.157780,843435,Route 40,40103,0,33275,47780,1,1
5638,59215.157780,843436,Route 40,40103,0,33275,47780,1,1
5638,59215.157780,843437,Route 40,40103,0,33275,47780,1,1
5638,59215.157780,843438,Route 40,40103,0,33275,47780,1,1
5638,59215.157780,843439,Route 40,40103,0,33275,47780,1,1
5638,59215.157780,843440,Route 40,40103,0,33275,47780,1,1
5638,59215.157780,843441,Route 40,40103,0,33275,47780,1,1
5638,59215.157780,843442,Route 40,40103,0,33275,47780,1,1
5638,59215.157780,843443,Route 40,40103,0,33275,47780,1,1
5638,59215.157780,843444,Route 40,40103,0,33275,47780,1,1
5638,59215.157780,843445,Route 40,40103,0,33275,47780,1,1
5638,59215.157780,843446,Route 40,40103,0,33275,47780,1,1
5638,59215.157780,843447,Route 40,40103,0,33275,47780,1,1
5638,59215.157780,843448,Route 40,40103,0,33275,47780,1,1
5638,59215.157780,843449,Route 40,40103,0,33275,47780,1,1
5638,59215.157780,843450,Route 40,40103,0,33275,47780,1,1
5638,59215.157780,843451,Route 40,40103,0,33275,47780,1,1
5638,59215.157780,843452,Route 40,40103,0,33275,47780,1,1
5643,59215.157780,843453,Route 41,41101,0,33276,47782,1,1
5643,59215.157780,843454,Route 41,41101,0,33276,47782,1,1
5643,59215.157780,843455,Route 41,41101,0,33276,47782,1,1
5643,59215.157780,843456,Route 41,41101,0,33276,47782,1,1
5643,59215.157780,843457,Route 41,41101,0,33276,47782,1,1
5643,59215.157780,843458,Route 41,41101,0,33276,47782,1,1
5643,59215.157780,843459,Route 41,41101,0,33276,47782,1,1
5643,59215.157780,843460,Route 41,41101,0,33276,47782,1,1
5643,59215.157780,843461,Route 41,41101,0,33276,47782,1,1
5643,59215.157780,843462,Route 41,41101,0,33276,47782,1,1
5643,59215.157780,843463,Route 41,41101,0,33276,47782,1,1
5643,59215.157780,843464,Route 41,41101,0,33276,47782,1,1
5643,59215.157780,843465,Route 41,41101,0,33276,47782,1,1
5643,59215.157780,843466,Route 41,41101,0,33276,47782,1,1
5643,59215.157780,843467,Route 41,41101,0,33276,47782,1,1
5643,59215.157780,843468,Route 41,41101,0,33276,47782,1,1
5643,59215.157780,843469,Route 41,41101,0,33276,47782,1,1
5643,59215.157780,843470,Route 41,41101,0,33276,47782,1,1
5643,59215.157780,843471,Route 41,41101,0,33276,47782,1,1
5643,59215.157780,843472,Route 41,41101,0,33276,47782,1,1
5643,59215.157780,843473,Route 41,41101,0,33276,47782,1,1
5643,59215.157780,843474,Route 41,41101,0,33276,47782,1,1
5643,59215.157780,843475,Route 41,41101,0,33276,47782,1,1
5643,59215.157780,843476,Route 41,41101,0,33276,47782,1,1
5643,59215.157780,843477,Route 41,41101,0,33276,47782,1,1
5643,59215.157780,843478,Route 41,41102,0,33279,47782,1,1
5643,59215.157780,843479,Route 41,41102,0,33279,47782,1,1
5643,59215.157780,843480,Route 41,41102,0,33279,47782,1,1
5643,59215.157780,843481,Route 41,41102,0,33279,47782,1,1
5643,59215.157780,843482,Route 41,41102,0,33279,47782,1,1
5643,59215.157780,843483,Route 41,41102,0,33279,47782,1,1
5643,59215.157780,843484,Route 41,41102,0,33279,47782,1,1
5643,59215.157780,843485,Route 41,41102,0,33279,47782,1,1
5643,59215.157780,843486,Route 41,41102,0,33279,47782,1,1
5643,59215.157780,843487,Route 41,41102,0,33279,47782,1,1
5643,59215.157780,843488,Route 41,41102,0,33279,47782,1,1
5643,59215.157780,843489,Route 41,41102,0,33279,47782,1,1
5643,59215.157780,843490,Route 41,41102,0,33279,47782,1,1
5643,59215.157780,843491,Route 41,41102,0,33279,47782,1,1
5643,59215.157780,843492,Route 41,41102,0,33279,47782,1,1
5643,59215.157780,843493,Route 41,41103,0,33280,47782,1,1
5643,59215.157780,843494,Route 41,41103,0,33280,47782,1,1
5643,59215.157780,843495,Route 41,41103,0,33280,47782,1,1
5643,59215.157780,843496,Route 41,41103,0,33280,47782,1,1
5643,59215.157780,843497,Route 41,41103,0,33280,47782,1,1
5643,59215.157780,843498,Route 41,41103,0,33280,47782,1,1
5643,59215.157780,843499,Route 41,41103,0,33280,47782,1,1
5643,59215.157780,843500,Route 41,41103,0,33280,47782,1,1
5643,59215.157780,843501,Route 41,41103,0,33280,47782,1,1
5643,59215.157780,843502,Route 41,41103,0,33280,47782,1,1
5643,59215.157780,843503,Route 41,41103,0,33280,47782,1,1
5643,59215.157780,843504,Route 41,41103,0,33280,47782,1,1
5643,59215.157780,843505,Route 41,41103,0,33280,47782,1,1
5643,59215.157780,843506,Route 41,41103,0,33280,47782,1,1
5643,59215.157780,843507,Route 41,41103,0,33280,47782,1,1
5643,59215.157780,843508,Route 41,41103,0,33280,47782,1,1
5643,59215.157780,843509,Route 41,,,33280,47782,0,0
5643,59215.157780,843510,Route 41,,,33280,47782,0,0
5643,59215.157780,843511,Route 41,,,33280,47782,0,0
5643,59215.157780,843512,Route 41,41104,0,33282,47782,1,1
5643,59215.157780,843513,Route 41,41104,0,33282,47782,1,1
5643,59215.157780,843514,Route 41,41104,0,33282,47782,1,1
5643,59215.157780,843515,Route 41,41104,0,33282,47782,1,1
5643,59215.157780,843516,Route 41,41104,0,33282,47782,1,1
5643,59215.157780,843517,Route 41,41104,0,33282,47782,1,1
5643,59215.157780,843518,Route 41,41104,0,33282,47782,1,1
5643,59215.157780,843519,Route 41,41104,0,33282,47782,1,1
5643,59215.157780,843520,Route 41,41104,0,33282,47782,1,1
5643,59215.157780,843521,Route 41,41104,0,33282,47782,1,1
5643,59215.157780,843522,Route 41,41104,0,33282,47782,1,1
5643,59215.157780,843523,Route 41,41104,0,33282,47782,1,1
5643,59215.157780,843524,Route 41,41104,0,33282,47782,1,1
5643,59215.157780,843525,Route 41,41104,0,33282,47782,1,1
5643,59215.157780,843526,Route 41,41104,0,33282,47782,1,1
5643,59216.157804,843527,Route 41,41201,0,33281,47782,1,1
5643,59216.157804,843528,Route 41,41201,0,33281,47782,1,1
5643,59216.157804,843529,Route 41,41201,0,33281,47782,1,1
5643,59216.157804,843530,Route 41,41201,0,33281,47782,1,1
5643,59216.157804,843531,Route 41,41201,0,33281,47782,1,1
5643,59216.157804,843532,Route 41,41201,0,33281,47782,1,1
5643,59216.157804,843533,Route 41,41201,0,33281,47782,1,1
5643,59216.157804,843534,Route 41,41201,0,33281,47782,1,1
5643,59216.157804,843535,Route 41,41201,0,33281,47782,1,1
5643,59216.157804,843536,Route 41,41201,0,33281,47782,1,1
5643,59216.157804,843537,Route 41,41201,0,33281,47782,1,1
5643,59216.157804,843538,Route 41,41201,0,33281,47782,1,1
5643,59216.157804,843539,Route 41,41201,0,33281,47782,1,1
5643,59216.157804,843540,Route 41,41201,0,33281,47782,1,1
5643,59216.157804,843541,Route 41,41201,0,33281,47782,1,1
5643,59216.157804,843542,Route 41,41201,0,33281,47782,1,1
5643,59216.157804,843543,Route 41,41201,0,33281,47782,1,1
5643,59216.157804,843544,Route 41,41201,0,33281,47782,1,1
5643,59216.157804,843545,Route 41,41201,0,33281,47782,1,1
5643,59216.157804,843546,Route 41,41201,0,33281,47782,1,1
5643,59216.157804,843547,Route 41,41201,0,33281,47782,1,1
5643,59216.157804,843548,Route 41,41201,0,33281,47782,1,1
5643,59216.157804,843549,Route 41,,,33281,47782,0,0
5643,59215.157783,843550,Route 41,41301,0,33283,47782,1,1
5643,59215.157783,843551,Route 41,41301,0,33283,47782,1,1
5643,59215.157783,843552,Route 41,41301,0,33283,47782,1,1
5643,59215.157783,843553,Route 41,41301,0,33283,47782,1,1
5643,59215.157783,843554,Route 41,41301,0,33283,47782,1,1
5643,59215.157783,843555,Route 41,41301,0,33283,47782,1,1
5643,59215.157783,843556,Route 41,41301,0,33283,47782,1,1
5643,59215.157783,843557,Route 41,41301,0,33283,47782,1,1
5643,59215.157783,843558,Route 41,41301,0,33283,47782,1,1
5643,59215.157783,843559,Route 41,41301,0,33283,47782,1,1
5643,59215.157783,843560,Route 41,41301,0,33283,47782,1,1
5643,59215.157783,843561,Route 41,41301,0,33283,47782,1,1
5643,59215.157783,843562,Route 41,41301,0,33283,47782,1,1
5643,59215.157783,843563,Route 41,41301,0,33283,47782,1,1
5643,59215.157783,843564,Route 41,41301,0,33283,47782,1,1
5643,59215.157783,843565,Route 41,41301,0,33283,47782,1,1
5643,59215.157783,843566,Route 41,,,33283,47782,0,0
5643,59215.157780,858644,Route 41,41101,0,33799,47782,1,1
5643,59215.157780,858645,Route 41,41101,0,33799,47782,1,1
5643,59215.157780,858646,Route 41,41101,0,33799,47782,1,1
5643,59215.157780,858647,Route 41,41101,0,33799,47782,1,1
5643,59215.157780,858648,Route 41,41101,0,33799,47782,1,1
5643,59215.157780,858649,Route 41,41101,0,33799,47782,1,1
5643,59215.157780,858650,Route 41,41101,0,33799,47782,1,1
5643,59215.157780,858651,Route 41,41101,0,33799,47782,1,1
5643,59215.157780,858652,Route 41,41101,0,33799,47782,1,1
5643,59215.157780,858653,Route 41,41101,0,33799,47782,1,1
5643,59215.157780,858654,Route 41,41101,0,33799,47782,1,1
5643,59215.157780,858669,Route 41,41101,0,33800,47782,1,1
5643,59215.157780,858670,Route 41,41101,0,33800,47782,1,1
5643,59215.157780,858671,Route 41,41101,0,33800,47782,1,1
5643,59215.157780,858672,Route 41,41101,0,33800,47782,1,1
5643,59215.157780,858673,Route 41,41101,0,33800,47782,1,1
5643,59215.157780,858674,Route 41,41101,0,33800,47782,1,1
5639,59215.157780,843567,Route 42,42101,0,33284,47773,1,1
5639,59215.157780,843568,Route 42,42101,0,33284,47773,1,1
5639,59215.157780,843569,Route 42,42101,0,33284,47773,1,1
5639,59215.157780,843570,Route 42,42101,0,33284,47773,1,1
5639,59215.157780,843571,Route 42,42101,0,33284,47773,1,1
5639,59215.157780,843572,Route 42,42101,0,33284,47773,1,1
5639,59215.157780,843573,Route 42,42101,0,33284,47773,1,1
5639,59215.157780,843574,Route 42,42101,0,33284,47773,1,1
5639,59215.157780,843575,Route 42,42101,0,33284,47773,1,1
5639,59215.157780,843576,Route 42,42101,0,33284,47773,1,1
5639,59215.157780,843577,Route 42,42101,0,33284,47773,1,1
5639,59215.157780,843578,Route 42,42101,0,33284,47773,1,1
5639,59215.157780,843579,Route 42,42101,0,33284,47773,1,1
5639,59215.157780,843580,Route 42,42101,0,33284,47773,1,1
5639,59215.157780,843581,Route 42,42101,0,33284,47773,1,1
5639,59215.157780,843582,Route 42,42101,0,33284,47773,1,1
5639,59215.157780,843583,Route 42,42101,0,33284,47773,1,1
5639,59215.157780,843584,Route 42,42101,0,33284,47773,1,1
5639,59215.157780,843585,Route 42,42101,0,33284,47773,1,1
5639,59215.157780,843586,Route 42,42101,0,33284,47773,1,1
5639,59215.157780,843587,Route 42,42101,0,33284,47773,1,1
5639,59215.157780,843588,Route 42,42101,0,33284,47773,1,1
5639,59215.157780,843589,Route 42,42101,0,33284,47773,1,1
5639,59215.157780,843590,Route 42,42101,0,33284,47773,1,1
5639,59215.157780,843591,Route 42,42101,0,33284,47773,1,1
5639,59215.157780,843592,Route 42,42101,0,33284,47773,1,1
5639,59215.157780,843593,Route 42,42101,0,33284,47773,1,1
5639,59215.157780,843594,Route 42,42101,0,33284,47773,1,1
5639,59215.157780,843595,Route 42,42101,0,33284,47773,1,1
5639,59215.157780,843596,Route 42,42101,0,33284,47773,1,1
5639,59215.157780,843597,Route 42,42101,0,33284,47773,1,1
5639,59215.157780,843598,Route 42,42101,0,33284,47773,1,1
5639,59215.157780,843599,Route 42,42101,0,33284,47773,1,1
5639,59215.157780,843600,Route 42,42101,0,33284,47773,1,1
5639,59215.157780,843601,Route 42,42101,0,33284,47773,1,1
5639,59215.157780,843602,Route 42,42101,0,33284,47773,1,1
5639,59215.157780,843603,Route 42,42101,0,33284,47773,1,1
5639,59215.157780,843604,Route 42,42101,0,33284,47773,1,1
5639,59215.157780,843605,Route 42,42101,0,33284,47773,1,1
5639,59215.157780,843606,Route 42,42101,0,33284,47773,1,1
5639,59215.157780,843607,Route 42,42101,0,33284,47773,1,1
5639,59215.157780,843608,Route 42,42101,0,33284,47773,1,1
5639,59215.157780,843609,Route 42,42101,0,33284,47773,1,1
5639,59215.157780,843610,Route 42,42101,0,33284,47773,1,1
5639,59215.157780,843611,Route 42,42101,0,33284,47773,1,1
5639,59215.157780,843612,Route 42,42102,0,33285,47773,1,1
5639,59215.157780,843613,Route 42,42102,0,33285,47773,1,1
5639,59215.157780,843614,Route 42,42102,0,33285,47773,1,1
5639,59215.157780,843615,Route 42,42102,0,33285,47773,1,1
5639,59215.157780,843616,Route 42,42102,0,33285,47773,1,1
5639,59215.157780,843617,Route 42,42102,0,33285,47773,1,1
5639,59215.157780,843618,Route 42,42102,0,33285,47773,1,1
5639,59215.157780,843619,Route 42,42102,0,33285,47773,1,1
5639,59215.157780,843620,Route 42,42102,0,33285,47773,1,1
5639,59215.157780,843621,Route 42,42102,0,33285,47773,1,1
5639,59215.157780,843622,Route 42,42102,0,33285,47773,1,1
5639,59215.157780,843623,Route 42,42102,0,33285,47773,1,1
5639,59215.157780,843624,Route 42,42102,0,33285,47773,1,1
5639,59215.157780,843625,Route 42,42102,0,33285,47773,1,1
5639,59215.157780,843626,Route 42,42102,0,33285,47773,1,1
5639,59215.157780,843627,Route 42,42102,0,33285,47773,1,1
5639,59215.157780,843628,Route 42,42102,0,33285,47773,1,1
5639,59215.157780,843629,Route 42,42102,0,33285,47773,1,1
5639,59215.157780,843630,Route 42,42102,0,33285,47773,1,1
5639,59215.157780,843631,Route 42,42102,0,33285,47773,1,1
5639,59215.157780,843632,Route 42,42102,0,33285,47773,1,1
5639,59215.157780,843633,Route 42,42102,0,33285,47773,1,1
5639,59215.157780,843634,Route 42,42102,0,33285,47773,1,1
5639,59215.157780,843635,Route 42,42102,0,33285,47773,1,1
5639,59215.157780,843636,Route 42,42102,0,33285,47773,1,1
5639,59215.157780,843637,Route 42,42102,0,33285,47773,1,1
5639,59215.157780,843638,Route 42,42102,0,33285,47773,1,1
5645,59215.157780,843865,Route 43,43101,0,33286,59220,1,1
5645,59215.157780,843866,Route 43,43101,0,33286,59220,1,1
5645,59215.157780,843867,Route 43,43101,0,33286,59220,1,1
5645,59215.157780,843868,Route 43,43101,0,33286,59220,1,1
5645,59215.157780,843869,Route 43,43101,0,33286,59220,1,1
5645,59215.157780,843870,Route 43,43101,0,33286,59220,1,1
5645,59215.157780,843871,Route 43,43101,0,33286,59220,1,1
5645,59215.157780,843872,Route 43,43101,0,33286,59220,1,1
5645,59215.157780,843873,Route 43,43101,0,33286,59220,1,1
5645,59215.157780,843874,Route 43,43101,0,33286,59220,1,1
5645,59215.157780,843875,Route 43,43101,0,33286,59220,1,1
5645,59215.157780,843876,Route 43,43101,0,33286,59220,1,1
5645,59215.157780,843877,Route 43,43101,0,33286,59220,1,1
5645,59215.157780,843878,Route 43,43101,0,33286,59220,1,1
5645,59215.157780,843879,Route 43,43101,0,33286,59220,1,1
5645,59215.157780,843880,Route 43,43101,0,33286,59220,1,1
5645,59215.157780,843881,Route 43,43101,0,33286,59220,1,1
5645,59215.157780,843882,Route 43,43101,0,33286,59220,1,1
5645,59215.157780,843883,Route 43,43101,0,33286,59220,1,1
5645,59215.157780,843884,Route 43,43101,0,33286,59220,1,1
5645,59215.157780,843885,Route 43,43101,0,33286,59220,1,1
5645,59215.157780,843886,Route 43,43101,0,33286,59220,1,1
5645,59215.157780,843887,Route 43,43101,0,33286,59220,1,1
5645,59215.157780,843888,Route 43,43101,0,33286,59220,1,1
5645,59215.157780,843889,Route 43,43101,0,33286,59220,1,1
5645,59215.157780,843890,Route 43,43101,0,33286,59220,1,1
5645,59215.157780,843891,Route 43,43101,0,33286,59220,1,1
5645,59215.157780,843892,Route 43,43101,0,33286,59220,1,1
5645,59215.157780,843898,Route 43,43102,0,33287,59220,1,1
5645,59215.157780,843899,Route 43,43102,0,33287,59220,1,1
5645,59215.157780,843900,Route 43,43102,0,33287,59220,1,1
5645,59215.157780,843901,Route 43,43102,0,33287,59220,1,1
5645,59215.157780,843902,Route 43,43102,0,33287,59220,1,1
5645,59215.157780,843903,Route 43,43102,0,33287,59220,1,1
5645,59215.157780,843904,Route 43,43102,0,33287,59220,1,1
5645,59215.157780,843905,Route 43,43102,0,33287,59220,1,1
5645,59215.157780,843906,Route 43,43102,0,33287,59220,1,1
5645,59215.157780,843907,Route 43,43102,0,33287,59220,1,1
5645,59215.157780,843908,Route 43,43102,0,33287,59220,1,1
5645,59215.157780,843909,Route 43,43102,0,33287,59220,1,1
5645,59215.157780,843910,Route 43,43102,0,33287,59220,1,1
5645,59215.157780,843911,Route 43,43102,0,33287,59220,1,1
5645,59215.157780,843912,Route 43,43102,0,33287,59220,1,1
5645,59215.157780,843913,Route 43,43102,0,33287,59220,1,1
5645,59215.157780,843914,Route 43,43102,0,33287,59220,1,1
5645,59215.157780,843915,Route 43,43102,0,33287,59220,1,1
5645,59215.157780,843916,Route 43,43102,0,33287,59220,1,1
5645,59215.157780,843917,Route 43,43102,0,33287,59220,1,1
5642,59215.157780,844021,Route 50,50101,0,33288,47772,1,1
5642,59215.157780,844022,Route 50,50101,0,33288,47772,1,1
5642,59215.157780,844023,Route 50,50101,0,33288,47772,1,1
5642,59215.157780,844024,Route 50,50101,0,33288,47772,1,1
5642,59215.157780,844025,Route 50,50101,0,33288,47772,1,1
5642,59215.157780,844026,Route 50,50101,0,33288,47772,1,1
5642,59215.157780,844027,Route 50,50101,0,33288,47772,1,1
5642,59215.157780,844028,Route 50,50101,0,33288,47772,1,1
5642,59215.157780,844029,Route 50,50101,0,33288,47772,1,1
5642,59215.157780,844030,Route 50,50101,0,33288,47772,1,1
5642,59215.157780,844031,Route 50,50101,0,33288,47772,1,1
5642,59215.157780,844032,Route 50,50101,0,33288,47772,1,1
5642,59215.157780,844033,Route 50,50101,0,33288,47772,1,1
5642,59215.157780,844034,Route 50,50101,0,33288,47772,1,1
5642,59215.157780,844035,Route 50,50101,0,33288,47772,1,1
5642,59215.157780,844036,Route 50,50101,0,33288,47772,1,1
5642,59215.157780,844037,Route 50,50101,0,33288,47772,1,1
5642,59215.157780,844038,Route 50,50101,0,33288,47772,1,1
5642,59215.157780,844039,Route 50,50101,0,33288,47772,1,1
5642,59215.157780,844040,Route 50,50101,0,33288,47772,1,1
5642,59215.157780,844041,Route 50,50101,0,33288,47772,1,1
5642,59215.157780,844042,Route 50,50101,0,33288,47772,1,1
5642,59215.157780,844043,Route 50,50101,0,33288,47772,1,1
5642,59215.157780,844044,Route 50,50101,0,33288,47772,1,1
5642,59215.157780,844045,Route 50,50101,0,33288,47772,1,1
5642,59215.157780,844046,Route 50,50101,0,33288,47772,1,1
5642,59215.157780,844047,Route 50,,,33288,47772,0,0
5642,59215.157780,844048,Route 50,,,33288,47772,0,0
5642,59215.157780,844049,Route 50,,,33288,47772,0,0
5642,59215.157780,844050,Route 50,,,33288,47772,0,0
5642,59215.157780,844057,Route 50,50102,0,33289,47772,1,1
5642,59215.157780,844058,Route 50,50102,0,33289,47772,1,1
5642,59215.157780,844059,Route 50,50102,0,33289,47772,1,1
5642,59215.157780,844060,Route 50,50102,0,33289,47772,1,1
5642,59215.157780,844061,Route 50,50102,0,33289,47772,1,1
5642,59215.157780,844062,Route 50,50102,0,33289,47772,1,1
5642,59215.157780,844063,Route 50,50102,0,33289,47772,1,1
5642,59215.157780,844064,Route 50,50102,0,33289,47772,1,1
5642,59215.157780,844065,Route 50,50102,0,33289,47772,1,1
5642,59215.157780,844066,Route 50,50102,0,33289,47772,1,1
5642,59215.157780,844067,Route 50,50102,0,33289,47772,1,1
5642,59215.157780,844068,Route 50,50102,0,33289,47772,1,1
5642,59215.157780,844069,Route 50,50102,0,33289,47772,1,1
5642,59215.157780,844070,Route 50,50102,0,33289,47772,1,1
5642,59215.157780,844071,Route 50,50102,0,33289,47772,1,1
5642,59215.157780,844072,Route 50,50102,0,33289,47772,1,1
5642,59215.157780,844073,Route 50,50102,0,33289,47772,1,1
5642,59215.157780,844074,Route 50,50102,0,33289,47772,1,1
5642,59215.157780,844075,Route 50,50102,0,33289,47772,1,1
5642,59215.157780,844076,Route 50,,,33289,47772,0,0
5642,59215.157780,844077,Route 50,,,33289,47772,0,0
5642,59215.157780,844078,Route 50,,,33289,47772,0,0
5648,59215.157780,844193,Route 51,51101,0,33290,59223,1,1
5648,59215.157780,844194,Route 51,51101,0,33290,59223,1,1
5648,59215.157780,844195,Route 51,51101,0,33290,59223,1,1
5648,59215.157780,844196,Route 51,51101,0,33290,59223,1,1
5648,59215.157780,844197,Route 51,51101,0,33290,59223,1,1
5648,59215.157780,844198,Route 51,51101,0,33290,59223,1,1
5648,59215.157780,844199,Route 51,51101,0,33290,59223,1,1
5648,59215.157780,844200,Route 51,51101,0,33290,59223,1,1
5648,59215.157780,844201,Route 51,51101,0,33290,59223,1,1
5648,59215.157780,844202,Route 51,51101,0,33290,59223,1,1
5648,59215.157780,844203,Route 51,51101,0,33290,59223,1,1
5648,59215.157780,844204,Route 51,51101,0,33290,59223,1,1
5648,59215.157780,844205,Route 51,51101,0,33290,59223,1,1
5648,59215.157780,844206,Route 51,51101,0,33290,59223,1,1
5648,59215.157780,844207,Route 51,51101,0,33290,59223,1,1
5648,59215.157780,844208,Route 51,51101,0,33290,59223,1,1
5648,59215.157780,844209,Route 51,51101,0,33290,59223,1,1
5648,59215.157780,844210,Route 51,51101,0,33290,59223,1,1
5648,59215.157780,844211,Route 51,51101,0,33290,59223,1,1
5648,59215.157780,844212,Route 51,51101,0,33290,59223,1,1
5648,59215.157780,844213,Route 51,51101,0,33290,59223,1,1
5648,59215.157780,844214,Route 51,51101,0,33290,59223,1,1
5648,59215.157780,844215,Route 51,51101,0,33290,59223,1,1
5648,59215.157780,844216,Route 51,51101,0,33290,59223,1,1
5648,59215.157780,844217,Route 51,51101,0,33290,59223,1,1
5648,59215.157780,844218,Route 51,51101,0,33290,59223,1,1
5648,59215.157780,844219,Route 51,51101,0,33290,59223,1,1
5648,59215.157780,844220,Route 51,51101,0,33290,59223,1,1
5648,59215.157780,844221,Route 51,51101,0,33290,59223,1,1
5648,59215.157780,844222,Route 51,,,33290,59223,0,0
5648,59215.157780,844223,Route 51,51102,0,33291,59223,1,1
5648,59215.157780,844224,Route 51,51102,0,33291,59223,1,1
5648,59215.157780,844225,Route 51,51102,0,33291,59223,1,1
5648,59215.157780,844226,Route 51,51102,0,33291,59223,1,1
5648,59215.157780,844227,Route 51,51102,0,33291,59223,1,1
5648,59215.157780,844228,Route 51,51102,0,33291,59223,1,1
5648,59215.157780,844229,Route 51,51102,0,33291,59223,1,1
5648,59215.157780,844230,Route 51,51102,0,33291,59223,1,1
5648,59215.157780,844231,Route 51,51102,0,33291,59223,1,1
5648,59215.157780,844232,Route 51,51102,0,33291,59223,1,1
5648,59215.157780,844233,Route 51,51102,0,33291,59223,1,1
5648,59215.157780,844234,Route 51,51102,0,33291,59223,1,1
5648,59215.157780,844235,Route 51,51102,0,33291,59223,1,1
5648,59215.157780,844236,Route 51,51102,0,33291,59223,1,1
5648,59215.157780,844237,Route 51,51102,0,33291,59223,1,1
5648,59215.157780,844238,Route 51,51102,0,33291,59223,1,1
5648,59215.157780,844239,Route 51,51102,0,33291,59223,1,1
5648,59215.157780,844240,Route 51,51102,0,33291,59223,1,1
5648,59215.157780,844241,Route 51,51102,0,33291,59223,1,1
5648,59215.157780,844242,Route 51,51102,0,33291,59223,1,1
5648,59215.157780,844243,Route 51,51102,0,33291,59223,1,1
5648,59215.157780,844244,Route 51,,,33291,59223,0,0
5646,59215.157780,844443,Route 52,52101,0,33292,59224,1,1
5646,59215.157780,844444,Route 52,52101,0,33292,59224,1,1
5646,59215.157780,844445,Route 52,52101,0,33292,59224,1,1
5646,59215.157780,844446,Route 52,52101,0,33292,59224,1,1
5646,59215.157780,844447,Route 52,52101,0,33292,59224,1,1
5646,59215.157780,844448,Route 52,52101,0,33292,59224,1,1
5646,59215.157780,844449,Route 52,52101,0,33292,59224,1,1
5646,59215.157780,844450,Route 52,52101,0,33292,59224,1,1
5646,59215.157780,844451,Route 52,52101,0,33292,59224,1,1
5646,59215.157780,844452,Route 52,52101,0,33292,59224,1,1
5646,59215.157780,844453,Route 52,52101,0,33292,59224,1,1
5646,59215.157780,844454,Route 52,52101,0,33292,59224,1,1
5646,59215.157780,844455,Route 52,52101,0,33292,59224,1,1
5646,59215.157780,844456,Route 52,52101,0,33292,59224,1,1
5646,59215.157780,844457,Route 52,52101,0,33292,59224,1,1
5646,59215.157780,844458,Route 52,52101,0,33292,59224,1,1
5646,59215.157780,844459,Route 52,52101,0,33292,59224,1,1
5646,59215.157780,844460,Route 52,52101,0,33292,59224,1,1
5646,59215.157780,844461,Route 52,52101,0,33292,59224,1,1
5646,59215.157780,844462,Route 52,52101,0,33292,59224,1,1
5646,59215.157780,844463,Route 52,52101,0,33292,59224,1,1
5646,59215.157780,844464,Route 52,52101,0,33292,59224,1,1
5646,59215.157780,844465,Route 52,52101,0,33292,59224,1,1
5646,59215.157780,844466,Route 52,52101,0,33292,59224,1,1
5646,59215.157780,844538,Route 52,,,33292,59224,0,0
5646,59215.157780,844539,Route 52,,,33292,59224,0,0
5646,59215.157780,844540,Route 52,,,33292,59224,0,0
5646,59215.157783,844467,Route 52,52301,0,33296,59224,1,1
5646,59215.157783,844468,Route 52,52301,0,33296,59224,1,1
5646,59215.157783,844469,Route 52,52301,0,33296,59224,1,1
5646,59215.157783,844470,Route 52,52301,0,33296,59224,1,1
5646,59215.157783,844471,Route 52,52301,0,33296,59224,1,1
5646,59215.157783,844472,Route 52,52301,0,33296,59224,1,1
5646,59215.157783,844473,Route 52,52301,0,33296,59224,1,1
5646,59215.157783,844474,Route 52,52301,0,33296,59224,1,1
5646,59215.157783,844475,Route 52,52301,0,33296,59224,1,1
5646,59215.157783,844476,Route 52,52301,0,33296,59224,1,1
5646,59215.157783,844477,Route 52,52301,0,33296,59224,1,1
5646,59215.157783,844478,Route 52,52301,0,33296,59224,1,1
5646,59215.157783,844479,Route 52,52301,0,33296,59224,1,1
5646,59215.157783,844480,Route 52,52301,0,33296,59224,1,1
5646,59215.157783,844481,Route 52,52301,0,33296,59224,1,1
5646,59215.157783,844482,Route 52,52301,0,33296,59224,1,1
5646,59215.157783,844541,Route 52,,,33296,59224,0,0
5646,59215.157783,844542,Route 52,,,33296,59224,0,0
5646,59215.157780,844483,Route 52,52102,0,33293,59224,1,1
5646,59215.157780,844484,Route 52,52102,0,33293,59224,1,1
5646,59215.157780,844485,Route 52,52102,0,33293,59224,1,1
5646,59215.157780,844486,Route 52,52102,0,33293,59224,1,1
5646,59215.157780,844487,Route 52,52102,0,33293,59224,1,1
5646,59215.157780,844488,Route 52,52102,0,33293,59224,1,1
5646,59215.157780,844489,Route 52,52102,0,33293,59224,1,1
5646,59215.157780,844490,Route 52,52102,0,33293,59224,1,1
5646,59215.157780,844491,Route 52,52102,0,33293,59224,1,1
5646,59215.157780,844492,Route 52,52102,0,33293,59224,1,1
5646,59215.157780,844493,Route 52,52102,0,33293,59224,1,1
5646,59215.157780,844494,Route 52,52102,0,33293,59224,1,1
5646,59215.157780,844495,Route 52,52102,0,33293,59224,1,1
5646,59215.157780,844496,Route 52,52102,0,33293,59224,1,1
5646,59215.157780,844497,Route 52,52102,0,33293,59224,1,1
5646,59215.157780,844498,Route 52,52102,0,33293,59224,1,1
5646,59215.157780,844499,Route 52,52102,0,33293,59224,1,1
5646,59215.157780,844543,Route 52,,,33293,59224,0,0
5646,59215.157780,844544,Route 52,,,33293,59224,0,0
5646,59215.157780,844545,Route 52,,,33293,59224,0,0
5646,59215.157780,844500,Route 52,52103,0,33294,59224,1,1
5646,59215.157780,844501,Route 52,52103,0,33294,59224,1,1
5646,59215.157780,844502,Route 52,52103,0,33294,59224,1,1
5646,59215.157780,844503,Route 52,52103,0,33294,59224,1,1
5646,59215.157780,844504,Route 52,52103,0,33294,59224,1,1
5646,59215.157780,844505,Route 52,52103,0,33294,59224,1,1
5646,59215.157780,844506,Route 52,52103,0,33294,59224,1,1
5646,59215.157780,844507,Route 52,52103,0,33294,59224,1,1
5646,59215.157780,844508,Route 52,52103,0,33294,59224,1,1
5646,59215.157780,844509,Route 52,52103,0,33294,59224,1,1
5646,59215.157780,844510,Route 52,52103,0,33294,59224,1,1
5646,59215.157780,844511,Route 52,52103,0,33294,59224,1,1
5646,59215.157780,844512,Route 52,52103,0,33294,59224,1,1
5646,59215.157780,844513,Route 52,52103,0,33294,59224,1,1
5646,59215.157780,844514,Route 52,52103,0,33294,59224,1,1
5646,59215.157780,844515,Route 52,52103,0,33294,59224,1,1
5646,59215.157780,844546,Route 52,,,33294,59224,0,0
5646,59215.157780,844547,Route 52,,,33294,59224,0,0
5646,59215.157780,844548,Route 52,,,33294,59224,0,0
5646,59215.157780,844549,Route 52,,,33294,59224,0,0
5646,59216.157804,844516,Route 52,52201,0,33295,59224,1,1
5646,59216.157804,844517,Route 52,52201,0,33295,59224,1,1
5646,59216.157804,844518,Route 52,52201,0,33295,59224,1,1
5646,59216.157804,844519,Route 52,52201,0,33295,59224,1,1
5646,59216.157804,844520,Route 52,52201,0,33295,59224,1,1
5646,59216.157804,844521,Route 52,52201,0,33295,59224,1,1
5646,59216.157804,844522,Route 52,52201,0,33295,59224,1,1
5646,59216.157804,844523,Route 52,52201,0,33295,59224,1,1
5646,59216.157804,844524,Route 52,52201,0,33295,59224,1,1
5646,59216.157804,844525,Route 52,52201,0,33295,59224,1,1
5646,59216.157804,844526,Route 52,52201,0,33295,59224,1,1
5646,59216.157804,844527,Route 52,52201,0,33295,59224,1,1
5646,59216.157804,844528,Route 52,52201,0,33295,59224,1,1
5646,59216.157804,844529,Route 52,52201,0,33295,59224,1,1
5646,59216.157804,844530,Route 52,52201,0,33295,59224,1,1
5646,59216.157804,844531,Route 52,52201,0,33295,59224,1,1
5646,59216.157804,844532,Route 52,52201,0,33295,59224,1,1
5646,59216.157804,844533,Route 52,52201,0,33295,59224,1,1
5646,59216.157804,844534,Route 52,52201,0,33295,59224,1,1
5646,59216.157804,844535,Route 52,52201,0,33295,59224,1,1
5646,59216.157804,844536,Route 52,52201,0,33295,59224,1,1
5646,59216.157804,844537,Route 52,52201,0,33295,59224,1,1
5646,59216.157804,844550,Route 52,,,33295,59224,0,0
5646,59216.157804,844551,Route 52,,,33295,59224,0,0
5646,59216.157804,844552,Route 52,,,33295,59224,0,0
5647,59215.157780,844553,Route 60,60101,0,33297,47785,1,1
5647,59215.157780,844554,Route 60,60101,0,33297,47785,1,1
5647,59215.157780,844555,Route 60,60101,0,33297,47785,1,1
5647,59215.157780,844556,Route 60,60101,0,33297,47785,1,1
5647,59215.157780,844557,Route 60,60101,0,33297,47785,1,1
5647,59215.157780,844558,Route 60,60101,0,33297,47785,1,1
5647,59215.157780,844559,Route 60,60101,0,33297,47785,1,1
5647,59215.157780,844560,Route 60,60101,0,33297,47785,1,1
5647,59215.157780,844561,Route 60,60101,0,33297,47785,1,1
5647,59215.157780,844562,Route 60,60101,0,33297,47785,1,1
5647,59215.157780,844563,Route 60,60101,0,33297,47785,1,1
5647,59215.157780,844564,Route 60,60101,0,33297,47785,1,1
5647,59215.157780,844565,Route 60,60101,0,33297,47785,1,1
5647,59215.157780,844566,Route 60,60101,0,33297,47785,1,1
5647,59215.157780,844567,Route 60,60101,0,33297,47785,1,1
5647,59215.157780,844568,Route 60,60101,0,33297,47785,1,1
5647,59215.157780,844569,Route 60,60101,0,33297,47785,1,1
5647,59215.157780,844570,Route 60,60101,0,33297,47785,1,1
5647,59215.157780,844571,Route 60,60101,0,33297,47785,1,1
5647,59215.157780,844572,Route 60,60101,0,33297,47785,1,1
5647,59215.157780,844573,Route 60,60101,0,33297,47785,1,1
5647,59215.157780,844574,Route 60,60101,0,33297,47785,1,1
5647,59215.157780,844575,Route 60,60101,0,33297,47785,1,1
5647,59215.157780,844576,Route 60,60101,0,33297,47785,1,1
5647,59215.157780,844577,Route 60,60101,0,33297,47785,1,1
5647,59215.157780,844578,Route 60,60101,0,33297,47785,1,1
5647,59215.157780,844579,Route 60,60101,0,33297,47785,1,1
5647,59215.157780,844580,Route 60,60101,0,33297,47785,1,1
5647,59215.157780,844581,Route 60,,,33297,47785,0,0
5647,59215.157780,844632,Route 60,,,33297,47785,0,0
5647,59215.157780,844582,Route 60,60102,0,33299,47785,1,1
5647,59215.157780,844583,Route 60,60102,0,33299,47785,1,1
5647,59215.157780,844584,Route 60,60102,0,33299,47785,1,1
5647,59215.157780,844585,Route 60,60102,0,33299,47785,1,1
5647,59215.157780,844586,Route 60,60102,0,33299,47785,1,1
5647,59215.157780,844587,Route 60,60102,0,33299,47785,1,1
5647,59215.157780,844588,Route 60,60102,0,33299,47785,1,1
5647,59215.157780,844589,Route 60,60102,0,33299,47785,1,1
5647,59215.157780,844590,Route 60,60102,0,33299,47785,1,1
5647,59215.157780,844591,Route 60,60102,0,33299,47785,1,1
5647,59215.157780,844592,Route 60,60102,0,33299,47785,1,1
5647,59215.157780,844593,Route 60,60102,0,33299,47785,1,1
5647,59215.157780,844594,Route 60,60102,0,33299,47785,1,1
5647,59215.157780,844595,Route 60,60102,0,33299,47785,1,1
5647,59215.157780,844596,Route 60,60102,0,33299,47785,1,1
5647,59215.157780,844597,Route 60,60102,0,33299,47785,1,1
5647,59215.157780,844598,Route 60,60102,0,33299,47785,1,1
5647,59215.157780,844599,Route 60,60102,0,33299,47785,1,1
5647,59215.157780,844600,Route 60,60102,0,33299,47785,1,1
5647,59215.157780,844601,Route 60,60102,0,33299,47785,1,1
5647,59215.157780,844602,Route 60,,,33299,47785,0,0
5647,59215.157783,844603,Route 60,60201,0,33298,47785,1,1
5647,59215.157783,844604,Route 60,60201,0,33298,47785,1,1
5647,59215.157783,844605,Route 60,60201,0,33298,47785,1,1
5647,59215.157783,844606,Route 60,60201,0,33298,47785,1,1
5647,59215.157783,844607,Route 60,60201,0,33298,47785,1,1
5647,59215.157783,844608,Route 60,60201,0,33298,47785,1,1
5647,59215.157783,844609,Route 60,60201,0,33298,47785,1,1
5647,59215.157783,844610,Route 60,60201,0,33298,47785,1,1
5647,59215.157783,844611,Route 60,60201,0,33298,47785,1,1
5647,59215.157783,844612,Route 60,60201,0,33298,47785,1,1
5647,59215.157783,844613,Route 60,60201,0,33298,47785,1,1
5647,59215.157783,844614,Route 60,60201,0,33298,47785,1,1
5647,59215.157783,844615,Route 60,60201,0,33298,47785,1,1
5647,59215.157783,844616,Route 60,60201,0,33298,47785,1,1
5647,59215.157783,844617,Route 60,60201,0,33298,47785,1,1
5647,59215.157783,844618,Route 60,60201,0,33298,47785,1,1
5647,59215.157783,844619,Route 60,60201,0,33298,47785,1,1
5647,59215.157783,844620,Route 60,60201,0,33298,47785,1,1
5647,59215.157783,844621,Route 60,60201,0,33298,47785,1,1
5647,59215.157783,844622,Route 60,60201,0,33298,47785,1,1
5647,59215.157783,844623,Route 60,60201,0,33298,47785,1,1
5647,59215.157783,844624,Route 60,60201,0,33298,47785,1,1
5647,59215.157783,844625,Route 60,,,33298,47785,0,0